0 1 48.69793157
0 2 62.34846567
0 3 50.37272442
0 4 51.48892847
0 5 52.37681962
0 6 53.69947791
0 7 52.07749118
0 8 54.97179559
0 9 57.36632285
0 10 60.71003327
0 11 58.39136578
0 12 59.48050098
0 13 58.50894188
0 14 56.38934429
0 15 57.53490279
0 16 66.08147458
0 17 65.88786767
0 18 72.85081456
0 19 71.55040373
0 20 68.60446171
0 21 85.76511407
0 22 61.29619105
0 23 60.94431837
0 24 61.29296636
0 25 65.71987882
0 26 82.72972983
0 27 88.90667571
0 28 85.03124212
0 29 68.65556531
0 30 103.6231093
0 31 71.58372525
0 32 65.71869864
0 33 61.92710971
0 34 67.61501918
0 35 84.50624912
0 36 76.07901563
1 2 47.12376095
1 3 36.35679798
1 4 38.12899926
1 5 38.58863467
1 6 40.4135892
1 7 39.71949684
1 8 41.81516432
1 9 43.89523591
1 10 47.08528635
1 11 44.69023365
1 12 45.8552265
1 13 45.04538226
1 14 43.24933507
1 15 44.90418292
1 16 53.52083022
1 17 52.16733224
1 18 59.13819466
1 19 57.85943283
1 20 54.9445251
1 21 72.12861926
1 22 47.64624384
1 23 47.25345576
1 24 47.57971926
1 25 51.99952364
1 26 69.00488879
1 27 75.18279129
1 28 71.30893883
1 29 54.93167655
1 30 89.89357381
1 31 57.85650032
1 32 51.99236424
1 33 48.1946235
1 34 53.8822413
1 35 70.77462277
1 36 62.34834139
2 3 37.23088879
2 4 42.36245907
2 5 39.98546021
2 6 43.71438026
2 7 44.97361998
2 8 45.23276658
2 9 46.2263836
2 10 48.81656513
2 11 46.03744852
2 12 47.57290867
2 13 47.37066504
2 14 46.57837359
2 15 49.41407672
2 16 58.15449964
2 17 53.4100183
2 18 60.42069782
2 19 59.24830908
2 20 56.4820705
2 21 73.7755376
2 22 49.23173075
2 23 48.64344521
2 24 48.85925334
2 25 53.24314624
2 26 70.22538095
2 27 76.40825862
2 28 72.54258864
2 29 56.15712604
2 30 91.08936948
2 31 59.0644654
2 32 53.20505761
2 33 49.37501037
2 34 55.06094503
2 35 71.95938536
2 36 63.5381356
3 4 24.99546512
3 5 20.04627259
3 6 25.66061617
3 7 28.19764058
3 8 27.27600409
3 9 27.6289618
3 10 29.96636411
3 11 27.16221989
3 12 28.73528789
3 13 28.79304753
3 14 28.57689811
3 15 32.15943226
3 16 40.97688905
3 17 34.54625049
3 18 41.55746611
3 19 40.39153805
3 20 37.64130571
3 21 54.95133021
3 22 30.3961364
3 23 29.78564654
3 24 29.99561109
3 25 34.37936904
3 26 51.36244566
3 27 57.54502639
3 28 53.67900462
3 29 37.2938922
3 30 72.22835115
3 31 40.20246012
3 32 34.34259574
3 33 30.51496013
3 34 36.20135909
3 35 53.09929229
3 36 44.67761467
4 5 26.3031681
4 6 26.29288808
4 7 28.07377876
4 8 28.57691875
4 9 31.02831467
4 10 34.50958651
4 11 32.36895821
4 12 33.29536931
4 13 32.23462497
4 14 30.35476744
4 15 32.79305446
4 16 41.56568541
4 17 39.91373669
4 18 46.85945509
4 19 45.51395347
4 20 42.50684503
4 21 59.62446546
4 22 35.17869712
4 23 34.90711291
4 24 35.30282563
4 25 39.74534027
4 26 56.76537745
4 27 62.94011421
4 28 59.06106921
4 29 42.68900912
4 30 77.66976842
4 31 45.62495123
4 32 39.75787644
4 33 35.98061119
4 34 41.66931739
4 35 58.557836
4 36 50.12835592
5 6 25.85162604
5 7 28.96019731
5 8 27.36902127
5 9 27.21006844
5 10 29.4800635
5 11 26.90442698
5 12 28.28338244
5 13 28.41352563
5 14 28.58879418
5 15 32.62542136
5 16 41.47847858
5 17 34.37052144
5 18 41.3573921
5 19 40.13281513
5 20 37.31056876
5 21 54.57542215
5 22 30.04198358
5 23 29.52475623
5 24 29.7968865
5 25 34.2030417
5 26 51.20164353
5 27 57.38074358
5 28 53.50916742
5 29 37.12961648
5 30 72.08526648
5 31 40.05059103
5 32 34.1872309
5 33 30.3826821
5 34 36.07067022
5 35 52.96420022
5 36 44.53887519
6 7 27.49052723
6 8 25.28789015
6 9 28.7577096
6 10 32.8444847
6 11 31.06858749
6 12 31.64193466
6 13 30.04782057
6 14 27.77503712
6 15 31.26047161
6 16 40.16027513
6 17 38.70088744
6 18 45.61109864
6 19 44.16838919
6 20 41.02252885
6 21 58.0366493
6 22 33.64950511
6 23 33.56099087
6 24 34.05729215
6 25 38.53166895
6 26 55.57177266
6 27 61.74224777
6 28 57.85613091
6 29 41.49116092
6 30 76.49708382
6 31 44.4419774
6 32 38.57086885
6 33 34.82109344
6 34 40.51106322
6 35 57.39446297
6 36 48.96074063
7 8 27.31347131
7 9 31.87821744
7 10 36.19887381
7 11 34.30916359
7 12 34.96506315
7 13 32.94020106
7 14 28.50443389
7 15 25.91016652
7 16 34.44790614
7 17 41.91248345
7 18 48.83047284
7 19 47.40592444
7 20 44.28015085
7 21 61.3032312
7 22 36.91407824
7 23 36.79952345
7 24 37.27626837
7 25 41.74345839
7 26 58.7785534
7 27 64.95015325
7 28 61.06582931
7 29 44.69906417
7 30 79.69813809
7 31 47.64587107
7 32 41.77589172
7 33 38.01864892
7 34 43.70811202
7 35 60.59293453
7 36 52.16039074
8 9 29.14946324
8 10 33.9106378
8 11 32.25070151
8 12 32.6817328
8 13 30.28583121
8 14 25.0612419
8 15 30.02905015
8 16 39.02228722
8 17 39.90936527
8 18 46.80462796
8 19 45.31768131
8 20 42.10243142
8 21 59.0582946
8 22 34.70746042
8 23 34.71098492
8 24 35.25224236
8 25 39.73981375
8 26 56.78772482
8 27 62.95660566
8 28 59.06776665
8 29 42.70552726
8 30 77.72064879
8 31 45.66182151
8 32 39.78931847
8 33 36.0495585
8 34 41.7398219
8 35 58.62138128
8 36 50.18613315
9 10 31.74574388
9 11 30.6757685
9 12 30.31831913
9 13 23.99122228
9 14 28.96757788
9 15 34.56368223
9 16 43.49984334
9 17 38.46901789
9 18 45.28004608
9 19 43.53963074
9 20 39.919064
9 21 56.5272871
9 22 32.39642264
9 23 32.9381412
9 24 33.73595597
9 25 38.29760994
9 26 55.38874834
9 27 61.54888367
9 28 57.64501054
9 29 41.2978539
9 30 76.36315369
9 31 44.28408304
9 32 38.40404464
9 33 34.71890511
9 34 40.41055025
9 35 57.28211046
9 36 48.83857332
10 11 30.53708961
10 12 23.88727756
10 13 32.34561807
10 14 34.70569496
10 15 39.42905787
10 16 48.32322379
10 17 38.63244867
10 18 45.31703478
10 19 43.22514376
10 20 39.18616223
10 21 55.71893418
10 22 31.48404486
10 23 32.61137518
10 24 33.78392093
10 25 38.45818781
10 26 55.61633728
10 27 61.76275565
10 28 57.8354931
10 29 41.51179828
10 30 76.6562534
10 31 44.54516839
10 32 38.65313646
10 33 35.05426837
10 34 40.74832539
10 35 57.60405702
10 36 49.14739493
11 12 28.56052666
11 13 31.37996301
11 14 33.16158548
11 15 37.67367571
11 16 46.5541779
11 17 31.26185544
11 18 37.86692584
11 19 36.30599746
11 20 34.45020946
11 21 52.95655095
11 22 27.63172519
11 23 25.43358351
11 24 26.29282896
11 25 31.08380887
11 26 48.36431542
11 27 54.47938664
11 28 50.50617412
11 29 34.22838008
11 30 69.57177369
11 31 37.37704641
11 32 31.45065081
11 33 28.07259417
11 34 33.78219654
11 35 50.59586495
11 36 42.1043683
12 13 30.67601833
12 14 33.42716844
12 15 38.17772555
12 16 47.07276096
12 17 36.75664043
12 18 43.3315988
12 19 40.89364393
12 20 36.31948439
12 21 52.52673231
12 22 28.41482587
12 23 30.2861819
12 24 31.81062671
12 25 36.58003899
12 26 53.79036166
12 27 59.92668128
12 28 55.98148304
12 29 39.6757975
12 30 74.87658497
12 31 42.74308105
12 32 36.84299927
12 33 33.30538301
12 34 38.99972357
12 35 55.84446514
12 36 47.37868616
13 14 29.65240355
13 15 35.46393414
13 16 44.40833991
13 17 39.22562071
13 18 45.98716545
13 19 44.08972037
13 20 40.20059449
13 21 56.55598283
13 22 32.59620424
13 23 33.49403644
13 24 34.44850021
13 25 39.05314536
13 26 56.16824109
13 27 62.32368301
13 28 58.41154867
13 29 42.07268587
13 30 77.16437631
13 31 45.07476109
13 32 39.19089601
13 33 35.53446115
13 34 41.22641104
13 35 58.09279171
13 36 49.64495674
14 15 29.06797173
14 16 38.14688137
14 17 40.84829899
14 18 47.7251652
14 19 46.1824476
14 20 42.8770948
14 21 59.7544346
14 22 35.45391078
14 23 35.57703218
14 24 36.1746097
14 25 40.67833222
14 26 57.73561952
14 27 63.90261341
14 28 60.01052095
14 29 43.65153753
14 30 78.67746401
14 31 46.61428551
14 32 40.74016009
14 33 37.01215564
14 34 42.70269653
14 35 59.58210849
14 36 51.14508285
15 16 27.54820641
15 17 45.30951125
15 18 52.21147474
15 19 50.74088078
15 20 47.54513659
15 21 64.5114155
15 22 40.15681515
15 23 40.13486284
15 24 40.65869569
15 25 45.14012261
15 26 62.18386437
15 27 68.35366874
15 28 64.46631653
15 29 48.10258806
15 30 83.11212767
15 31 51.05560658
15 32 45.18401408
15 33 41.43816877
15 34 47.12805169
15 35 64.01076479
15 36 55.57647246
16 17 54.18668119
16 18 61.09015467
16 19 59.62382935
16 20 56.4344174
16 21 73.40569033
16 22 49.0481209
16 23 49.01779877
16 24 49.53725032
16 25 54.01732712
16 26 71.06023622
16 27 77.23021521
16 28 73.34315547
16 29 56.97913377
16 30 91.98764973
16 31 59.93154579
16 32 54.06011223
16 33 50.31315233
16 34 56.00298954
16 35 72.88590981
16 36 64.45178919
17 18 36.94539894
17 19 41.47228041
17 20 42.12173272
17 21 61.10137197
17 22 35.81870304
17 23 31.42856791
17 24 26.1762951
17 25 13.81616691
17 26 45.84515588
17 27 51.14665365
17 28 44.30733015
17 29 30.93178486
17 30 69.44166262
17 31 36.18858967
17 32 30.05405968
17 33 29.63067572
17 34 35.04913441
17 35 51.37393107
17 36 42.47517487
18 19 45.30253591
18 20 47.88702895
18 21 67.29607698
18 22 41.90520354
18 23 36.4334013
18 24 28.76208624
18 25 36.59369091
18 26 56.55430603
18 27 62.32590427
18 28 57.56007956
18 29 42.08217786
18 30 79.01427823
18 31 46.24205
18 32 40.15929777
18 33 38.40129947
18 34 44.00143302
18 35 60.54215905
18 36 51.82367677
19 20 41.50348803
19 21 63.35170611
19 22 37.69608445
19 23 30.17515461
19 24 34.66165917
19 25 41.2520776
19 26 59.31768965
19 27 65.30855149
19 28 61.08171116
19 29 45.0593865
19 30 81.02259747
19 31 48.59419174
19 32 42.59632916
19 33 39.87367855
19 34 45.55036768
19 35 62.25228467
19 36 53.66792885
20 21 53.77749931
20 22 29.38302358
20 23 32.39290467
20 24 36.51004687
20 25 41.9294372
20 26 59.47343159
20 27 65.5481211
20 28 61.48990971
20 29 45.29778556
20 30 80.83439975
20 31 48.56866798
20 32 42.62247146
20 33 39.4480288
20 34 45.14005737
20 35 61.92028758
20 36 53.40097671
21 22 47.8361907
21 23 53.06507119
21 24 55.82980425
21 25 60.91704205
21 26 78.295309
21 27 84.39994852
21 28 80.39747468
21 29 64.149324
21 30 99.52448833
21 31 67.32201108
21 32 61.39757147
21 33 58.04903782
21 34 63.74298504
21 35 80.55401033
21 36 72.06025662
22 23 27.30801678
22 24 30.44865587
22 25 35.63200801
22 26 53.0631595
22 27 59.15753339
22 28 55.13685466
22 29 38.90698302
22 30 74.33944199
22 31 42.11415888
22 32 36.18152733
22 33 32.89530992
22 34 38.58954191
22 35 55.38938725
22 36 46.8863592
23 24 25.1364172
23 25 31.22078102
23 26 49.08838056
23 27 55.10481268
23 28 50.93758787
23 29 34.85505964
23 30 70.70328869
23 31 38.31598017
23 32 32.32848571
23 33 29.48990026
23 34 35.17614025
23 35 51.8973261
23 36 43.32900278
24 25 25.88591753
24 26 45.19502598
24 27 51.00742591
24 28 46.38690993
24 29 30.76168287
24 30 67.55838324
24 31 34.82604917
24 32 28.74535943
24 33 26.87599399
24 34 32.49500144
24 35 49.05324938
24 36 40.34940736
25 26 45.8251644
25 27 51.15702477
25 28 44.53923739
25 29 30.93892645
25 30 69.36742275
25 31 36.13604928
25 32 30.00171743
25 33 29.51942689
25 34 34.94746958
25 35 51.28177226
25 36 42.39096719
26 27 61.74865649
26 28 62.97642559
26 29 41.98731909
26 30 81.66148217
26 31 46.71642112
26 32 42.09921832
26 33 44.60057449
26 34 49.17046914
26 35 64.85166853
26 36 55.40949437
27 28 67.22311077
27 29 40.29220516
27 30 89.52003068
27 31 55.32733665
27 32 49.67630602
27 33 51.2940308
27 34 56.23702147
27 35 72.18263464
27 36 62.96494257
28 29 47.28995809
28 30 87.43843538
28 31 53.88020206
28 32 47.79077204
28 33 48.15078005
28 34 53.42309392
28 35 69.61780606
28 36 60.61003993
29 30 69.29472305
29 31 35.11955034
29 32 29.42773771
29 33 31.04445374
29 34 35.9956021
29 35 51.94642839
29 36 42.73321853
30 31 63.0038964
30 32 64.18634441
30 33 63.22414921
30 34 61.83878297
30 35 71.76246187
30 36 56.94578321
31 32 30.12525271
31 33 32.15989058
31 34 34.78705236
31 35 49.09496879
31 36 38.46692868
32 33 26.6211464
32 34 31.3397967
32 35 47.1004188
32 36 37.73943615
33 34 26.21662424
33 35 43.42876844
33 36 35.27682825
34 35 36.58645061
34 36 31.2525693
35 36 37.00320863
