0 1730000 3595000
1 1895000 3230000
2 2100000 2885000
3 1745000 2705000
4 1445000 2975000
5 1570000 2590000
6 1270000 2860000
7 1175000 3250000
8 1070000 2860000
9 975000 2475000
10 1180000 2130000
11 1400000 1790000
12 1150000 2105000
13 895000 2420000
14 960000 2815000
15 865000 3205000
16 640000 3535000
17 1680000 800000
18 1330000 995000
19 1095000 1325000
20 860000 1650000
21 575000 1935000
22 950000 1775000
23 1185000 1450000
24 1445000 1145000
25 1670000 810000
26 2670000 535000
27 2270000 495000
28 1880000 575000
29 2280000 600000
30 3180000 1515000
31 2875000 1255000
32 2475000 1230000
33 2340000 1605000
34 2645000 1870000
35 2925000 2155000
36 2985000 1755000
